ME: 2.75729289609,MEA: 7.28625336003,RMSE: 9.88409760093
ME: 2.52712831327,MEA: 7.13485066144,RMSE: 9.94994493168
