ME: -5.69932085531,MEA: 17.631085142,RMSE: 20.6070989991
ME: 3.02966329068,MEA: 8.73609746346,RMSE: 11.1999778845
